[Vehicle]
Model=3968823444
PlateText=63TQN446
Plate=0
R=105
G=0
B=0
R2=5
G2=5
B2=5
Primary=27
Secondary=27
NeonR=0
NeonG=0
NeonB=0
Neon1=0
Neon2=0
Neon3=0
Neon4=0
SmokeR=255
SmokeG=255
SmokeB=255
Dirt=1.086898
PaintFade=0.000000
Pearl=36
WheelColor=35
Wheels=7
BulletproofTires=0
Tint=-1
Radio=14
11=3
12=2
13=2
14=32
16=4
17=0
18=1
19=0
20=0
21=0
23=0
24=0
50=3
[0]
X=-0.250000
Y=0.000000
Z=5.699999
RotX=-90.000000
RotY=0.000000
RotZ=90.000000
Model=1742463912
Bone=-1
Collision=1
Froozen=0
Lit=1
[1]
X=2.400000
Y=0.000000
Z=3.599999
RotX=0.000000
RotY=0.000000
RotZ=90.000000
Model=1742463912
Bone=-1
Collision=1
Froozen=0
Lit=1
[2]
X=0.200000
Y=0.000000
Z=0.900000
RotX=90.000000
RotY=0.000000
RotZ=90.000000
Model=1742463912
Bone=-1
Collision=1
Froozen=0
Lit=1
[3]
X=-2.300000
Y=0.000000
Z=1.100000
RotX=0.000000
RotY=0.000000
RotZ=90.000000
Model=1742463912
Bone=-1
Collision=1
Froozen=0
Lit=1
[4]
X=-2.200000
Y=0.000000
Z=3.290001
RotX=90.000000
RotY=0.000000
RotZ=90.000000
Model=1742463912
Bone=-1
Collision=1
Froozen=0
Lit=1
[5]
X=0.300000
Y=0.000000
Z=3.290001
RotX=90.000000
RotY=0.000000
RotZ=90.000000
Model=1742463912
Bone=-1
Collision=1
Froozen=0
Lit=1
[6]
X=0.000000
Y=0.000000
Z=3.500000
RotX=0.000000
RotY=0.000000
RotZ=90.000000
Model=1742463912
Bone=-1
Collision=1
Froozen=0
Lit=1
[7]
X=0.000000
Y=0.000000
Z=1.100000
RotX=0.000000
RotY=0.000000
RotZ=90.000000
Model=1742463912
Bone=-1
Collision=1
Froozen=0
Lit=1
