[Vehicle]
Model=437538602
PlateText=MEDUSA
Plate=4
Primary=0
Secondary=12
NeonR=255
NeonG=0
NeonB=255
Neon1=0
Neon2=0
Neon3=0
Neon4=0
SmokeR=255
SmokeG=255
SmokeB=255
Dirt=0.000000
PaintFade=0.505882
Pearl=7
WheelColor=28
Wheels=0
BulletproofTires=0
Tint=-1
Radio=11
17=0
18=0
19=0
20=0
21=0
23=0
24=0
[0]
X=0.000000
Y=0.000000
Z=5.550001
RotX=0.000000
RotY=0.000000
RotZ=-180.000000
Model=4060814301
Bone=20
Collision=1
Froozen=0
Lit=1
